G = cell(29,1);
G{1}  = 1:7;     % Padding
G{2}  = 8:14;    % Padding
G{3}  = 15:21;   % SI
G{4}  = 22:28;   % SI
G{5}  = 29:35;   % SI [1:4] AI [5:7]
G{6}  = 36:42;   % AI
G{7}  = 43:50;   % AI (HAS 8)
G{8}  = 51:57;   % Padding
G{9}  = 58:64;   % Padding
G{10} = 65:71;   % Padding
G{11} = 72:78;   % Padding
G{12} = 79:85;   % SH
G{13} = 86:92;   % AH
G{14} = 93:99;   % Noise
G{15} = 100:106; % Noise
G{16} = 107:113; % Noise
G{17} = 114:120; % Noise
G{18} = 114:120; % Noise
G{19} = 121:127; % Padding
G{20} = 128:134; % Padding
G{21} = 135:141; % Padding
G{22} = 142:148; % Padding
G{23} = 149:155; % SO
G{24} = 156:162; % SO
G{25} = 163:169; % SO [1:4] AO [5:7]
G{26} = 170:176; % AO
G{27} = 177:184; % AO (HAS 8)
G{28} = 185:191; % Padding
G{29} = 192:198; % Padding
